105258897
105246489
105246369
105243991
105243871
105242991
105242062
105241942
105241511
105241392
105241247
105240223
105239854
105239734
105239652
105239532
105239321
105239201
105238685
105237072
105236657
68771284
68772197
68835564
68835684
68842278
68842398
68842553
68842673
68844051
68844171
68845554
68845674
68845981
68846101
68847187
68847307
68849359
68849479
68849599
68853135
68853255
68855895
68856015
68857295
68857415
68862022
68862142
68863508
68863628
68867177
68867297
37855732
37856229
37856349
37856469
37863197
37863317
37864560
37864680
37865518
37865638
37866039
37866336
37866543
37866663
37868120
37868240
37868518
37868638
37871515
37871684
37871972
37872092
37872499
37872619
37872753
37873532
37873652
37876003
37879521
37879641
37879732
37879852
37880154
37880951
37881071
37881259
37881379
37881557
37881913
37882033
37882803
37883041
37883161
37883493
37883613
37883733
37883939
37884059
37884179
152129033
152129153
152129273
152129393
152163709
152163829
152201787
152265295
152265415
152265535
152332740
152332860
152382072
152382192
152415491
152415611
152419864
152419984
8097558
8097678
8097798
8100235
8100355
8100475
8100595
8100715
8105908
8106028
8111378
8111498
8115663
8115783
8115903
178916609
178916729
178916849
178917462
178917582
178919023
178919143
178919263
178921274
178921394
178921514
178922273
178927375
178927929
178928049
178928166
178928286
178935939
178936059
178936964
178937320
178937440
178937728
178938739
178938859
178941862
178942428
178942548
178943729
178947025
178947145
178947790
178947968
178948088
178951836
178951956
178952076
89624205
89653763
89685231
89690764
89692769
89692889
89711825
89711945
89717573
89717693
89720643
89720763
89725016
89725136
7579806
7579686
7579510
7579390
7579270
7578607
7578487
7578367
7578173
7577493
7577087
7576967
7576829
7576566
7573919
7572907
30143431
30143311
30143191
30143071
30142951
30142831
29940503
29940383
29917798
29917678
29754881
29754761
29606661
29606541
29551281
29551161
29543682
29543562
29541160
29519838
29519718
29498254
29498029
29497909
29474051
29473931
29462620
29462500
29456496
29456376
29455242
29455122
29451840
29451720
29450428
29449864
29449744
29448319
29446300
29446180
29445367
29445182
29443636
29443516
29436838
29432638
29430027
29420439
29420319
29419620
29416678
29416558
29416438
29416318
29416198
29416078
29446311
29446431
29446551
29447339
29447449
29447559
29447669
29447779
29447889
29447999
29448109
29448219
29448329
29448439
29448549
29449348
29449374
29449588
29449706
29449824
29449942
29450103
29450293
29450413
29446671
29446781
29446891
29447001
29447111
29447221
1795655
1800935
1801055
1801175
1801446
1803058
1803178
1803263
1803383
1803537
1803657
1804596
1804716
1805329
1805449
1806032
1806152
1806503
1806623
1807022
1807142
1807281
1807452
1807572
1807719
1807839
1807959
1808221
1808341
1808548
1808796
1808916
1807891
1808011
1808131
1808251
1808371
1808491
1808611
1808731
123353217
123325144
123325024
123324904
123323994
123310888
123310768
123298167
123298047
123279587
123279467
123278269
123278149
123276905
123276785
123274731
123274611
123263379
123263259
123260400
123260280
123258020
123256140
123256020
123247565
123247445
123246842
123244977
123244857
123243204
123241629
123239435
123239315
123239195
123239075
123239494
123239614
123239734
123240237
123240281
123240659
123240775
123240891
123241007
123241123
123241239
123241630
123241748
123241866
123241984
123242102
123242220
123242576
123242696
123242816
123242936
123243056
123243176
123243296
123243416
123243536
123243656
123243776
123243896
123244016
123244136
123244256
123244376
123244496
123244616
123244736
123244856
156785565
156811869
156830605
156830725
156830845
156834122
156834495
156836675
156837848
156837968
156838248
156838368
156841360
156841480
156843408
156843528
156843648
156844123
156844330
156844689
156845265
156845385
156845812
156845932
156846157
156846277
156848853
156848973
156849093
156849750
156849870
156851221
156851341
156834591
156834711
156834831
156834951
156835430
156835540
156835650
156835931
156836051
156836171
156836291
156836411
156836531
156836651
156841475
156841595
156841715
156841835
156841955
156842982
156843100
156843218
156843336
156843454
156843572
156843690
156843808
156843926
156844044
156844162
156844280
156844398
156844516
156844634
156844752
156844870
156844988
156845106
156845224
156845342
156845460
156845578
156845775
88522574
88524349
88524560
88576062
88576182
88669492
88670365
88671893
88678300
88678420
88678540
88679080
88679200
88679648
88679768
88680593
88680713
88690540
88726624
88727432
88799103
88799205
88799307
88420138
88420258
88423459
88423579
88428885
88472363
88472483
88472603
88476209
88476329
88483798
88483918
12006378
12006498
12006620
12006720
12007397
12007567
12007661
12007755
12007849
12008224
12008335
12008446
12008557
12008668
12008779
12008890
12009001
12009112
12009276
12009393
12009510
12009627
12009744
12009861
12009978
12010095
12010212
12010329
12010446
12010563
12010793
12010909
12011025
12011141
12011257
12011373
12011489
12011605
12011721
12011837
12011953
12012617
12012718
12012819
12012920
12013021
12013122
12013223
12013508
12013549
12013718
12013833
12013948
12014063
12014178
12014293
12014408
12014523
12014638
12014753
12014868
12014983
12015098
12015213
12015734
12015848
12015962
12016076
12016190
12016304
12016418
12016532
12016646
12016760
12016874
12016988
12017102
12017216
12017566
12017600
12019424
12019536
12019648
12019760
12019872
12020344
12020449
12020554
12020659
12020764
12020869
12020974
12021079
12021616
12021703
12021790
12022169
12022286
12022403
12022520
12022637
12022754
12022871
12022988
12023105
12023222
12023339
12023456
12023573
12023690
12023812
12023922
12024032
12024782
12024863
12024944
12025025
12025151
12025241
12025331
12025709
12025814
12025919
12026024
12026155
12026247
12026339
12026431
12026523
12026701
12026911
12026929
12027655
12027970
12028074
12028178
12028282
12028386
12028490
12028594
12029043
12029118
12029260
12029374
12029488
12029602
12029716
12029830
12029944
12030058
12030172
12030286
12030400
12030514
12030787
12030904
12031021
12031138
12031255
12031372
12031489
12031606
12031723
12031973
12032086
12032199
12032312
12032425
12032538
12032651
12032764
12032877
12032990
12033103
12033216
12033329
12033442
12033555
12033741
12033803
12034157
12034218
12034641
12034760
12034879
12034998
12035117
12035236
12035529
12035612
12035695
12035778
12035896
12036004
12036112
12036508
12036628
12036748
12036868
12036988
12037108
12037247
12037367
43572625
43572751
43595858
43595978
43596098
43597753
43597873
43597993
43600340
43600460
43600580
43601801
43601921
43604458
43604578
43606604
43606724
43606844
43607489
43607609
43608296
43608943
43609063
43609875
43609995
43610115
43611985
43612105
43613814
43614966
43615086
43615470
43615590
43617369
43619067
43619187
43620320
43622007
43622127
43622247
43622367
43622487
43622607
43622727
43622847
43623518
43623638
43606861
43606981
43607147
43607262
43607377
43607492
43607607
43607722
43607837
43607952
43608067
43608182
43608297
43608412
43608527
43608642
43608757
43608872
43608987
43609102
43609217
43609332
43609447
43609562
43609715
43609835
43609955
43610075
43610195
43610315
43610435
43610555
43610675
43610795
43610915
43611035
43611155
43611275
43611395
43611515
43611635
43611755
43611875
43611995
117746757
117746637
117739587
117737390
117730715
117725517
117725397
117724370
117724250
117718178
117718058
117717329
117715839
117715719
117715417
117715297
117714375
117710941
117710821
117710701
117710581
117710461
117709129
117709009
117708889
117708046
117706934
117706814
117704575
117704455
117700212
117687345
117687225
117686824
117686704
117686295
117686175
117683956
117683836
117683716
117681476
117681072
117680952
117679069
117678949
117677994
117677874
117677754
117674242
117674122
117665323
117665203
117663635
117663515
117662679
117662559
117662386
117662266
117658419
117658299
117650490
117647481
117647361
117645476
117642489
117642369
117641111
117640991
117639323
117638370
117638250
117632171
117631344
117631224
117630023
117629903
117622218
117622098
117609869
117609749
117609629
117641180
117641300
117641420
117641540
117641660
117641780
117641900
117642020
117642140
117642343
117642455
117642567
117642679
117642791
117642903
117643015
117643127
117643239
117643351
117643724
117643832
117643940
117644048
117644156
117644399
117644517
117644635
117644753
117644871
117644989
117645107
117645225
117645343
117645461
117645579
117645697
117645815
117645933
117646243
117646359
117646475
117646591
117646707
117646823
117646939
117647055
117647171
117647287
117647403
117647519
117647635
117647751
117647867
117647983
117648099
117648215
117648331
117648447
117648563
117649248
117649363
117649478
117649593
117649708
117649823
117649938
117650053
117650168
117650283
117650398
117650513
117650628
117657121
117657221
117657880
117657994
117658108
117658222
117658336
117658450
117658564
117658678
117658792
117658906
117659020
117659134
117659248
117659362
117659476
117659590
117659704
117659818
117659932
117660046
117660160
117660461
117660569
117660677
117660785
117660893
117661001
117661152
117661266
117661380
117661494
117661672
117661792
117661912
117662032
117662152
117662272
158507124
18471853
60277540
74401755
110697145
17903304
22968318
76833624
103337297
98829945
55329541
43015472
73601947
51805258
60170814
79422905
59927945
21135703
29413941
88892603
150742619
157519036
31053196
32877113
83542113
103214880
5498351
18464920
31112797
138829671
451082
112043376
112043496
112073529
112073972
112074092
112090525
112090645
112090721
112102004
112102866
112102986
112111319
112116483
112128124
112136967
112151181
112154612
112154732
112154852
112154972
112157580
112162754
112162874
112163604
112164550
112170635
112170755
112173236
112174316
112174436
112174556
112174676
112174796
112174916
112175036
112175156
112175276
112175396
112173356
112175516
112175636
112175756
112175876
112175996
112176116
112176236
112176356
112176476
112176596
112173476
112176716
112176836
112176956
112177076
112177196
112177316
112177436
112177556
112177676
112177796
112173596
112177916
112178036
112178156
112178276
112178396
112178516
112178636
112178756
112178876
112178996
112173716
112179116
112179236
112179356
112179476
112179596
112179716
112173836
112173956
112174076
112174196
140624304
140549901
140534600
140534480
140534360
140508683
140507750
140501286
140501166
140500221
140500101
140494187
140494067
140487306
140482889
140482769
140481374
140477773
140476800
140476680
140453949
140453073
140449152
140449032
140447146
140439678
140439558
140434475
140434355
140434235
140434115
140433995
140433875
140433755
209116214
209116094
209113298
209113178
209113058
209110035
209108239
209108119
209106793
209106673
209104657
209104537
209103875
209103755
209101787
25398268
25398148
25380257
25380137
25378627
25378507
25368408
25368288
25368168
25368048
25362765
25362645
25362525
25362405
128748794
128750459
128750579
128750699
128750819
128750939
128751059
128751179
128752623
128752743
128752863
128752983
128753103
115258665
115256509
115256389
115252269
115252149
115251215
115251095
66764941
66765061
66765241
66765347
66765453
66765600
66765706
66765812
66765918
66766024
66766130
66766236
66766388
66766508
66788653
66788773
66863053
66863173
66905755
66905875
66931207
66931327
66931447
66937271
66937391
66941620
66941740
66942627
66942747
66943485
66943605
32890571
32893134
32893254
32893374
32899206
32900202
32900338
32900633
32903544
32905051
32906366
32907446
32906486
32906606
32906726
32906846
32906966
32907086
32907206
32907326
32910347
32911427
32911547
32911667
32911787
32911907
32912027
32912147
32912267
32912387
32912507
32910467
32912627
32912747
32912867
32912987
32913107
32913227
32913347
32913467
32913587
32913707
32910587
32913827
32913947
32914067
32914187
32914307
32914427
32914547
32914667
32914787
32914907
32910707
32915027
32915147
32915267
32910827
32910947
32911067
32911187
32911307
32918682
32920938
32929008
32929128
32929248
32929368
32930535
32930655
32931852
32931972
32936625
32936745
32937313
32937433
32937553
32944496
32944616
32945044
32945164
32950747
32950867
32953433
32953553
32953848
32953968
32954093
32954213
32968767
32968887
32969007
32970988
32971108
32972242
32972362
32972482
32972602
32972722
32972842
48877978
48878114
48881359
48881479
48916732
48919155
48919275
48921920
48923065
48934148
48936902
48937022
48939008
48941624
48942641
48947524
48951051
48953698
48954144
48954278
48955360
48955480
49027128
49030286
49030406
49033776
49033896
49037858
49039130
49039302
49039422
49047451
49050788
49050908
49051455
49054110
1295121
1295241
55086954
55177413
55177533
55209934
55210054
55210969
55211089
55214246
55214366
55218960
55220238
55221654
55221774
55223520
55224169
55224289
55224427
55224547
55225341
55227811
55227931
55229137
55229257
55231411
55232931
55233051
55236211
55237920
55238040
55238160
55238280
55238400
55238520
55238698
55238827
55240534
55240626
55240746
55241555
55241675
55242404
55248958
55249078
55259369
55259489
55260436
55266363
55266483
55267997
55268844
55268964
55269391
55270203
55272889
55273009
55273129
55273249
55221751
55221871
55221991
55222111
55222231
55222370
55222469
55222568
55222667
55222766
55223128
55223248
55223368
55223488
55240796
55240916
55241036
55241156
55241276
55241396
55241516
55268069
55268189
55268309
55268595
55268715
55268835
55268998
55269118
55269238
55269358
55269409
55269529
55269998
55270118
16082137
16082257
16082377
16082497
16082687
16082811
16082931
16085556
16085676
16085796
16085916
16086036
16086156
47422354
47422616
47424187
47424341
47424461
47424612
47424732
47425172
47425253
47425988
47426108
47426236
47426337
47426457
47426610
47426730
47428084
47428204
47428349
47428937
47429237
47429357
47430224
47430344
47430669
47430789
27022811
27022936
27023038
27023140
27023242
27023344
27023446
27023548
27023670
27023762
27023854
27023946
27056127
27056247
27057628
27057748
27057868
27057988
27059164
27087286
27087406
27087526
27087859
27088606
27088726
27089439
27089559
27089679
27092664
27092784
27092942
27094265
27094385
27097593
27097713
27098936
27099056
27099270
27099390
27099792
27099912
27100019
27100139
27100280
27100719
27100839
27100960
27101080
27101200
27101320
27101440
27101560
27101680
27102013
27102133
27105490
27105610
27105729
27106809
27106929
27107049
27107169
27105849
27105969
27106089
27106209
27106329
27106449
27106569
27106689
41276013
41267709
41258451
41256869
41256221
41256102
41251784
41249223
41247841
41246784
41245704
41245584
41245464
41245344
41245224
41245104
41244984
41244864
41244744
41244624
41246664
41244504
41244384
41244264
41244144
41244024
41243904
41243784
41243664
41243544
41243424
41246544
41246424
41246304
41246184
41246064
41245944
41245824
41242945
41234506
41234386
41231323
41228567
41228447
41226442
41226322
41223159
41223039
41222919
41219608
41215869
41215310
41209050
41203046
41201114
41199630
41197757
41197637
69456060
69456180
69457786
69457906
69458559
69458679
69462715
69462835
69465847
69465967
58145401
58145281
58145057
58144937
58144789
58144669
58144433
58143201
58143032
58142912
58142293
92462521
92462401
92404077
92403957
92355023
92354903
92354543
92354423
92354303
92340086
92339966
92300734
92252314
92247453
92247333
92244526
92244406
21994355
21994235
21994115
21992187
21992067
21991947
21991827
21991707
21991587
21992466
21992347
21975067
21974947
21974827
21974707
21974587
21974467
21974347
21971303
21971113
21970993
21970873
21968679
21968559
21968439
21968174
45873714
45873594
45873474
45873354
45872306
45872158
45871886
45868298
45868094
45867743
45867623
45867481
45867310
45867190
45867085
45866965
45864780
45860862
45860706
45860518
45858894
45858048
45857928
45856486
45856317
45855978
45855835
45855715
45855538
45855418
45854873
148547494
148544335
148544215
148543626
148543506
148529724
148526880
148526760
148525773
148525894
148524246
148523634
148523514
148516673
148515149
148515029
148514909
148514398
148514278
148513762
148512558
148512068
148511948
148511139
148511019
148508704
148507405
148506382
148506145
148504708
187630917
187629837
187629717
187629597
187629477
187629357
187629237
187629117
187628997
187628877
187628757
187630797
187628637
187628517
187628397
187628277
187628157
187628037
187627917
187627797
187627677
187630677
187630557
187630437
187630317
187630197
187630077
187629957
187584669
187584549
187584429
187560846
187557963
187557843
187557723
187557283
187557163
187554907
187554787
187549839
187549719
187549599
187549412
187549292
187542815
187541735
187541615
187541495
187541375
187541255
187541135
187541015
187540895
187540775
187540655
187542695
187540535
187540415
187540295
187540175
187540055
187539935
187539815
187539695
187539575
187539455
187542575
187539335
187539215
187539095
187538975
187538855
187542455
187542335
187542215
187542095
187541975
187541855
187538257
187538137
187535421
187535301
187534379
187534259
187532854
187532734
187532614
187532494
187531061
187530941
187530405
187530285
187527295
187527175
187525629
187525509
187525030
187524910
187524790
187524670
187524550
187524430
187524310
187524122
187524002
187522501
187522381
187521402
187521282
187521162
187521042
187519202
187519082
187518830
187518249
187518129
187518009
187517889
187517769
187517649
187516911
187516791
187511479
187510300
187510180
187510060
187509940
187509820
187509700
38318558
38314962
38314842
38297797
38287386
38287266
38287146
38285848
38285525
38285405
38283701
38283581
38282121
38282001
38279387
38279267
38277151
38277031
38275818
38275698
38275448
38275328
38274818
38273482
38273362
38272322
38272202
38272051
38271738
38271618
38271428
38271234
38271114
3094622
3094699
3110118
3110238
3113285
3113405
3114885
3115005
3118866
3118986
3119160
3119280
3120962
3121082
80646083
80645963
80537169
80537049
80430608
80430488
80412500
80412380
80409429
80409309
80343506
80343386
80336333
80336213
534206
533854
533734
533532
533412
533257
532671
532551
90645504
90643804
90634770
90633793
90633673
90631899
90631779
90631662
90631542
90630739
90630619
90630419
90630299
90628503
90628221
90628034
90627481
55524155
55561632
55561752
55561872
55564410
55564530
55564650
55565743
55565863
55569852
55569972
55573238
55573358
55575587
55589747
55591999
55592119
55593377
55593525
55593645
55593980
55594172
55595456
55595576
55597479
55597980
55598100
55599177
55599297
55602659
55602876
55603333
55604538
55604658
10610629
10610509
10610389
10610269
10610149
10610029
10602835
10602715
10602595
10602475
10602355
10602235
10600426
10600306
10599956
10599836
10597410
10597290
66679665
66694276
66727350
66727470
66729037
66729157
66735596
66736959
66774034
66774154
66777308
66777428
66779537
66781523
66782018
66782836
11319388
11319268
11318536
11317106
11316986
11316290
11316149
11316029
11313962
11313842
11308073
11307953
11307833
11307676
11303263
11303143
11301674
11301554
11300542
11300422
11300302
11298566
11298446
11298002
11297882
11294260
11294140
11293439
11292479
11291423
11291303
11291046
11290926
11288909
11288789
11288669
11276187
11273539
11273419
11272849
11272449
11272329
11270857
11269441
11269321
11264688
11264568
11259678
11259558
11259387
11259267
11227476
11217278
11217158
11210173
11206730
11205003
11204698
11199650
11199530
11199426
11199306
11194405
11193135
11190770
11190650
11190530
11189785
11188900
11188499
11188121
11188001
11187771
11187651
11187133
11187013
11186765
11186645
11184622
11184502
11182109
11181989
11181363
11181243
11177041
11175429
11174846
11174448
11174329
11172881
11169686
11169327
11168230
11167469
11167349
11167229
11167109
11166989
11166869
11166749
11166629
69202204
69202677
69202797
69202969
69207311
69210538
69210658
69214069
69218116
69218322
69222510
69222630
69229566
69229686
69230430
69233041
69233161
69233281
69233401
69233521
116339071
116340151
116340271
116339191
116339311
116339431
116339551
116339671
116339791
116339911
116340031
116364834
116371697
116371817
116379951
116380071
116380872
116380992
116395368
116395488
116397482
116397639
116397759
116398473
116398593
116399347
116399467
116403093
116403213
116409652
116409772
116411509
116411629
116411852
116411972
116414930
116415050
116417422
116418800
116418920
116422036
116423320
116423440
116435656
116435776
116435939
116436059
55124907
55127240
55127360
55127480
55129783
55129903
55130023
55131031
55131151
55133421
55133541
55133693
55133813
55136797
55138504
55138624
55139680
55139800
55140685
55140953
55141073
55143546
55144058
55144485
55144605
55146446
55146566
55147706
55147826
55147946
55148066
55151535
55151949
55152069
55153592
55154955
55155168
55156420
55156540
55156660
55161245
55161365
149516533
149515339
149515219
149515099
149514456
149514354
149514252
149513507
149513387
149513235
149513115
149512409
149512289
149511539
149510163
149510043
149509425
149509305
149506069
149505074
149504954
149504281
149503807
149502684
149502564
149501523
149501403
149500765
149500511
149500391
149499570
149499019
149498302
149497297
149497177
149495275
149495434
67522490
67522610
67522730
67569203
67569744
67575375
67575495
67576336
67576456
67576734
67584235
67584355
67584475
67586444
67586564
67588078
67588356
67588476
67588918
67589100
67589220
67589479
67589599
67590315
67590435
67590943
67591063
67591221
67591964
67592084
67593214
67593334
98278986
98278866
98278746
98270408
98271007
98270887
98270767
98270648
98270208
98269605
98269485
98269409
98269289
98269169
98268785
98268665
98256613
98256493
98248061
98247941
98244390
98244216
98242770
98242650
98242311
98242191
98241355
98241235
98240402
98240282
98239906
98239786
98239029
98238378
98238258
98232093
98231353
98231233
98231113
98230993
98229612
98229492
98229372
98224208
98224088
98221973
98221853
98220495
98220375
98220255
98218626
98218506
98215830
98215710
98212112
98211537
98211417
98211297
98209643
98209523
98209403
98209283
98209163
128828898
128829132
128829252
128843207
128843327
128845028
128845148
128845416
128845536
128845980
128846100
128846246
128846366
128848585
128849123
128850176
128850296
128850759
128850879
128851424
128851544
128851838
128851958
128852078
128852198
1206877
1206997
1207117
1218397
1219307
1220317
1220437
1220527
1220647
1221155
1221275
1221916
1222957
1223077
1223607
1224687
1224807
1224927
1225047
1225167
1223727
1223847
1223967
1224087
1224207
1224327
1224447
1224567
1225547
1225667
1225787
1225907
1226027
1226147
1226267
1226387
1226437
1226557
1227536
1227656
1227776
1227896
1228016
1295002
1294882
1294704
1293624
1293504
1293384
1294584
1294464
1294344
1294224
1294104
1293984
1293864
1293744
1282641
1282521
1280363
1280243
1279495
1279375
1278833
1278713
1272287
1271216
1268631
1266554
1264613
1264493
1260651
1260531
1258683
1255464
1255344
1254551
1254431
1253842
135804243
135804123
135802579
135801050
135800930
135798807
135798687
135797282
135797162
135796726
135787756
135787636
135786837
135786384
135786018
135785898
135782662
135782110
135781426
135781306
135781186
135781066
135780946
135779759
135779120
135779000
135778082
135777962
135776970
135776162
135776042
135772903
135772783
135772651
135772531
135772061
135771941
135771821
135771701
135771581
2097764
2097884
2098004
2098551
2098671
2100384
2103338
2104248
2104368
2105401
2106160
2106587
2106707
2107082
2108691
2108811
2110622
2110742
2111820
2111940
2112489
2112953
2114230
2114350
2115517
2120398
2120518
2121504
2121740
2121860
2122183
2122303
2122797
2122917
2124175
2124295
2125786
2126043
2126163
2126479
2127542
2127662
2128994
2129114
2129232
2129352
2129553
2130151
2130271
2131577
2131697
2132410
2133636
2133756
2134172
2134292
2134412
2134532
2134652
2134929
2135216
2136167
2136287
2136682
2136802
2137843
2138034
2138217
2138408
2138528
140481494
140481614
140481982
140482076
140482170
140482264
140482429
140482549
140482669
140482789
140494211
140494331
140494451
140494571
140494691
140494811
140494931
140495051
140495171
140495291
140495411
140495531
140495651
140495771
140496144
140496255
140496366
140496477
140496795
140496912
140497029
140497146
140497263
140497380
140497497
140497614
140497731
140497848
140497965
140498360
140498379
140498536
140498553
140498930
140499032
140499134
140499236
140499338
140499476
140499596
140499716
140499836
140499956
140500076
140487318
140487438
140487558
140489009
140489105
140489201
140489297
140489955
140490071
140490187
140490303
140492596
140492711
140492826
140492941
140493056
140493833
140493953
140494073
140482906
140483026
140483146
140483266
140483386
140483506
140483626
140483746
140483866
140483986
140484106
140484226
140484346
140484726
140484845
140484964
140485083
140485202
140485321
140485440
140485559
140485678
140485797
140485916
140486035
140486154
140486273
140486392
140486511
140486630
140487104
140487224
140487344
116411685
116411805
116411989
116412109
116412229
116412349
116412469
116412589
116412709
116412829
116412949
116413069
116413189
116413309
116413429
116413549
116413669
116413789
116413909
116414029
116414149
116414269
116414389
116414509
116414629
116414749
116414869
55598068
55598261
47641416
47641611
112213535
112213742
23652203
23652392
95849218
95849264
120499596
121299714
143350000
143400000
89999881
90399881
96900382
97300278
87399881
87799779
94010056
94550159
47699881
48089322
52800388
53250700
45599881
46099881
50800232
51201138
58198881
58599906
63400389
63800583
57499881
57899881
61770061
62500000
42599320
42999867
48300300
48601005
46799721
47199281
66131329
66531330
37449731
37899881
42602483
42850672
51400292
51511215
55860406
56200039
32799189
33199821
38446953
38700017
19600003
20000412
19190264
19600000
20800000
21200055
33949601
34499881
46984446
47484500
21549881
22099685
25900000
26350175
14848843
15289686
19100363
19550915
23899799
24289673
28700504
29400000
25098939
25498701
29510473
29900064
10399758
10899881
14400970
14800057
18001183
18400626
57449093
58011200
63130000
63550096
4993943
9993489
13600791
13900314
48010322
48010442
48010562
48011049
48011169
48011288
48018043
48018163
48022997
48023117
48025701
48026781
48026901
48027021
48027141
48027261
48027381
48027501
48027621
48027741
48027861
48025821
48027981
48028101
48028221
48025941
48026061
48026181
48026301
48026421
48026541
48026661
48030511
48030631
48030751
48032047
48032741
48033300
48033420
48033570
48033690
48033898
37035036
37035200
37035320
37038095
37042435
37045868
37048457
37050290
37053272
37053485
37055919
37058983
37061757
37061877
37067100
37067220
37067340
37067460
37070228
37070348
37081670
37083730
37088971
37089091
37089993
37090391
37091940
37092060
47630316
47630436
47635497
47635617
47637192
47637312
47637432
47639506
47639626
47641362
47641482
47643381
47643501
47656870
47656990
47672681
47690111
47690231
47693752
47693872
47698092
47702106
47702226
47702346
47703487
47703607
47705354
47705474
47705594
47707802
47707922
47709902
47710022
47710142
47710262
47739387
47739507
6048578
6045592
6045472
6043585
6043311
6042175
6042055
6038822
6038702
6036945
6035154
6031586
6029508
6029388
6027180
6027060
6026940
6026820
6026700
6026580
6026460
6026340
6022538
6022418
6018217
6017303
6017183
6013101
6012981
8080083
11293314
46597443
59245323
78432454
78432594
148888224
161332039
162831174
176050379
176105657
204494692
228607390
243736159
47635471
48032687
48033840
61145446
61725997
91887852
113990856
158655846
198257644
202139687
212578327
215657131
30691817
47058976
47147395
49723673
52696257
71008289
72495543
138400730
142231011
178937577
185155377
1805959
54280653
55598165
55976895
153268130
153268268
187560806
187627608
38978705
86629008
86669912
86679445
170837461
407521
6269202
7518008
32166108
37140618
117642943
117681390
117725378
137524818
157495899
6037007
6038616
52528899
116381011
116381147
116409624
140482212
140496144
140498360
151920983
55374910
59337193
117864900
145738528
8341227
80343535
93650704
8115618
43595784
63760035
89725240
114910614
18586027
94212877
102056671
102080274
102199557
108114610
108121359
108141904
118352986
118369186
119145410
415993
498216
3001238
12013508
12017601
12022169
12024034
12030185
12032917
97487766
133237701
32907482
48954106
48954229
88543555
23652298
65472824
65568251
68944219
68944339
95571582
95574542
21131594
22146533
41988142
41990985
91303300
3808000
9934621
23614990
72832567
81954945
15973367
16041519
29086441
29508768
30293097
37855707
40359465
40368130
40369043
40491270
59857546
48584804
56363523
57571688
10273292
14628194
15365946
30311501
41759578
50911918
46266491
46270858
42838039
42867004
42867549
42867790
30051654
41544972
41550931
41551062
39930381
44918169
44935788
44935908
44949898
48892416
48895224
123199948
123204926
32870821
32871028
32872116
32873905
32878525
32879227
32879252
32882217
32883987
32884443
32884592
32884710
32885593
32888001
32888412
32888422
32889907
32893730
32899506
32900872
41197213
41202630
41203530
41218272
41222401
41222662
41226614
41230477
41231455
41231841
41235738
41237892
41241330
41255066
41255066
41265715
41266989
41276287
41278055
41278316
47658368
47662169
47671505
47675270
47676773
47680112
47687566
47690343
47690347
47690350
47698247
47698323
47700896
47703824
47704047
47709037
47709056
47709092
47715923
47717124
47947991
47948001
47948792
47952170
47952519
47952735
47982514
48009755
48010593
48010960
48012785
48019424
48024833
48030397
48035612
48039162
48039683
48078777
48085000
48091347
37024277
37025602
37025777
37032309
37035773
37045172
37049037
37058448
37062793
37070045
37073226
37073551
37074307
37091264
37093003
37094618
37095963
37099306
37099505
37099727
6004062
6017806
6020012
6025642
6035367
6036454
6042461
6043051
6045333
6048298
6048495
6049148
6051307
6054926
6056096
6056423
6064749
6065133
6065576
6065685
